0 0 0,99999
0 1 0,99999
1 0 0,99999
1 1 0,00001
0 0 0,99999
0 1 0,99999
1 0 0,99999
1 1 0,00001
0 0 0,99999
0 1 0,99999
1 0 0,99999
1 1 0,00001
0 0 0,99999
0 1 0,99999
1 0 0,99999
1 1 0,00001
0 0 0,99999
0 1 0,99999
1 0 0,99999
1 1 0,00001
0 0 0,99999
0 1 0,99999
1 0 0,99999
1 1 0,00001
0 0 0,99999
0 1 0,99999
1 0 0,99999
1 1 0,00001
0 0 0,99999
0 1 0,99999
1 0 0,99999
1 1 0,00001
0 0 0,99999
0 1 0,99999
1 0 0,99999
1 1 0,00001
0 0 0,99999
0 1 0,99999
1 0 0,99999
1 1 0,00001
0 0 0,99999
0 1 0,99999
1 0 0,99999
1 1 0,00001
0 0 0,99999
0 1 0,99999
1 0 0,99999
1 1 0,00001
0 0 0,99999
0 1 0,99999
1 0 0,99999
1 1 0,00001
0 0 0,99999
0 1 0,99999
1 0 0,99999
1 1 0,00001
0 0 0,99999
0 1 0,99999
1 0 0,99999
1 1 0,00001
0 0 0,99999
0 1 0,99999
1 0 0,99999
1 1 0,00001
0 0 0,99999
0 1 0,99999
1 0 0,99999
1 1 0,00001
0 0 0,99999
0 1 0,99999
1 0 0,99999
1 1 0,00001
0 0 0,99999
0 1 0,99999
1 0 0,99999
1 1 0,00001
0 0 0,99999
0 1 0,99999
1 0 0,99999
1 1 0,00001
0 0 0,99999
0 1 0,99999
1 0 0,99999
1 1 0,00001
0 0 0,99999
0 1 0,99999
1 0 0,99999
1 1 0,00001
0 0 0,99999
0 1 0,99999
1 0 0,99999
1 1 0,00001
0 0 0,99999
0 1 0,99999
1 0 0,99999
1 1 0,00001
0 0 0,99999
0 1 0,99999
1 0 0,99999
1 1 0,00001
0 0 0,99999
0 1 0,99999
1 0 0,99999
1 1 0,00001
0 0 0,99999
0 1 0,99999
1 0 0,99999
1 1 0,00001
0 0 0,99999
0 1 0,99999
1 0 0,99999
1 1 0,00001
0 0 0,99999
0 1 0,99999
1 0 0,99999
1 1 0,00001
0 0 0,99999
0 1 0,99999
1 0 0,99999
1 1 0,00001