0 0 0,0001
0 1 0,9999
1 0 0,9999
1 1 0,0001
0 0 0,0001
0 1 0,9999
1 0 0,9999
1 1 0,0001
0 0 0,0001
0 1 0,9999
1 0 0,9999
1 1 0,0001
0 0 0,0001
0 1 0,9999
1 0 0,9999
1 1 0,0001
0 0 0,0001
0 1 0,9999
1 0 0,9999
1 1 0,0001
0 0 0,0001
0 1 0,9999
1 0 0,9999
1 1 0,0001
0 0 0,0001
0 1 0,9999
1 0 0,9999
1 1 0,0001
0 0 0,0001
0 1 0,9999
1 0 0,9999
1 1 0,0001
0 0 0,0001
0 1 0,9999
1 0 0,9999
1 1 0,0001
0 0 0,0001
0 1 0,9999
1 0 0,9999
1 1 0,0001
0 0 0,0001
0 1 0,9999
1 0 0,9999
1 1 0,0001
0 0 0,0001
0 1 0,9999
1 0 0,9999
1 1 0,0001